default_name
   854
   3.4290000  -7.8610000   3.6410000   4.2320000  -7.3600000   3.4800000
   5.4800000  -8.0640000   3.3500000   5.4290000  -8.7660000   2.5180000
   5.6790000  -8.6090000   4.2730000   6.6140000  -7.0680000   3.1000000
   7.5690000  -7.5900000   3.0490000   6.4360000  -6.5040000   1.7700000
   6.8370000  -5.1340000   1.7700000   7.5480000  -4.9640000   0.9620000
   5.6710000  -4.3050000   1.3900000   4.4030000  -4.8220000   1.3800000
   4.2430000  -5.8540000   1.6560000   3.3390000  -4.0650000   1.0300000
   2.3400000  -4.5010000   1.0220000   3.6030000  -2.6960000   0.6700000
   2.6100000  -1.9030000   0.3100000   2.8360000  -0.9500000   0.0650000
   1.6630000  -2.2520000   0.2860000   4.8450000  -2.1980000   0.6800000
   5.9000000  -2.9800000   1.0400000   7.0620000  -2.5560000   1.0600000
   6.6460000  -5.8590000   4.0200000   5.9150000  -5.3540000   4.6510000
   7.3800000  -4.8300000   3.1700000   7.2010000  -3.9290000   3.7560000
   8.7720000  -5.1060000   3.1400000   9.2000000  -4.3480000   2.7360000
   7.2970000  -6.1450000   5.2500000   6.8820000  -5.3380000   6.5600000
   7.5050000  -5.9700000   7.7500000   5.4040000  -5.2010000   6.6100000
   7.5380000  -3.9070000   6.2900000   8.9680000  -3.8250000   6.1600000
   9.3040000  -4.4430000   5.3270000   9.4300000  -4.1760000   7.0830000
   9.3840000  -2.3750000   5.9100000  10.4700000  -2.2990000   5.8600000
   8.9300000  -1.9960000   4.5800000   8.5270000  -0.6260000   4.5800000
   9.0160000  -0.0440000   3.7990000   7.0980000  -0.5590000   4.2000000
   6.3170000  -1.6930000   4.1900000   6.7340000  -2.6400000   4.5000000
   5.0190000  -1.6400000   3.8500000   4.4210000  -2.5510000   3.8490000
   4.4030000  -0.3930000   3.4700000   3.2300000  -0.2490000   3.1300000
   5.2650000   0.6930000   3.5000000   4.8460000   1.6610000   3.2260000
   6.5960000   0.6700000   3.8500000   7.2660000   1.6910000   3.8500000
   8.7580000  -1.3400000   6.8300000   7.8700000  -1.3100000   7.4610000
   8.8200000  -0.0770000   5.9800000   8.1830000   0.5850000   6.5660000
  10.1400000   0.4430000   5.9500000  10.0900000   1.3130000   5.5460000
   9.4610000  -1.2290000   8.0600000   8.6760000  -0.7740000   9.3700000
   9.5410000  -0.9690000  10.5600000   7.3570000  -1.4570000   9.4200000
   8.4540000   0.7840000   9.1000000   9.6130000   1.6260000   8.9700000
  10.2310000   1.2880000   8.1380000  10.1910000   1.5800000   9.8930000
   9.1800000   3.0720000   8.7200000  10.0520000   3.7240000   8.6690000
   8.5930000   3.1440000   7.3900000   7.5140000   4.0800000   7.3900000
   7.6510000   4.8040000   6.5870000   6.2750000   3.3650000   7.0100000
   6.0350000   2.0080000   6.9400000   6.8210000   1.3100000   7.1880000
   4.8200000   1.6970000   6.5600000   4.2070000   2.9350000   6.3600000
   2.8870000   3.2400000   5.9500000   1.9670000   2.4730000   5.6600000
   2.6830000   4.6290000   5.8800000   1.7770000   4.9530000   5.6090000
   3.6430000   5.5880000   6.1700000   3.2390000   6.8530000   6.0400000
   2.3270000   7.1730000   5.7470000   3.9240000   7.5680000   6.2380000
   4.8740000   5.3000000   6.5600000   5.0820000   3.9560000   6.6300000
   8.0940000   3.6040000   9.6400000   7.3300000   3.1480000  10.2700000
   7.4630000   4.7000000   8.7900000   6.5690000   4.9130000   9.3760000
   8.2940000   5.8510000   8.7600000   7.7830000   6.5560000   8.3560000
   8.6250000   4.0770000  10.8700000   7.7190000   4.0350000  12.1800000
   8.5520000   4.3390000  13.3700000   6.9780000   2.7490000  12.2300000
   6.6900000   5.2270000  11.9100000   7.2110000   6.5620000  11.7800000
   7.9140000   6.6110000  10.9480000   7.7220000   6.8350000  12.7030000
   6.0660000   7.5440000  11.5300000   6.4480000   8.5640000  11.4790000
   5.5320000   7.2880000  10.2000000   4.1190000   7.4920000  10.2000000
   3.8510000   8.1720000   9.3920000   3.4630000   6.2210000   9.8200000
   4.1540000   5.0390000   9.8100000   5.1980000   5.0260000  10.0860000
   3.5540000   3.8780000   9.4600000   4.1260000   2.9500000   9.4520000
   2.1610000   3.9470000   9.1000000   1.5160000   2.8520000   8.7400000
   0.5400000   2.9410000   8.4950000   1.9960000   1.9630000   8.7160000
   1.4930000   5.1060000   9.1100000   2.1190000   6.2610000   9.4700000
   1.5360000   7.3510000   9.4900000   4.8640000   7.4050000  12.4500000
   4.4670000   6.6090000  13.0800000   3.7410000   7.9870000  11.6000000
   2.8730000   7.6840000  12.1860000   3.8190000   9.4040000  11.5700000
   3.0080000   9.7210000  11.1660000   5.0550000   8.0900000  13.6800000
   4.3150000   7.5660000  14.9900000   4.8530000   8.2720000  16.1800000
   4.3870000   6.0830000  15.0400000   2.8060000   8.0130000  14.7200000
   2.5230000   9.4180000  14.5900000   3.0870000   9.8380000  13.7570000
   2.8060000   9.9260000  15.5120000   1.0290000   9.6250000  14.3400000
   0.8010000  10.6900000  14.2900000   0.7180000   9.1220000  13.0100000
  -0.5820000   8.5300000  13.0100000  -1.2270000   8.9320000  12.2290000
  -0.4470000   7.1060000  12.6300000   0.7860000   6.4930000  12.6200000
   1.6640000   7.0400000  12.9300000   0.9170000   5.2000000  12.2800000
   1.9030000   4.7360000  12.2790000  -0.2310000   4.4140000  11.9000000
  -0.2090000   3.2330000  11.5600000  -1.4280000   5.1140000  11.9300000
  -2.3280000   4.5630000  11.6560000  -1.5930000   6.4360000  12.2800000
  -2.6980000   6.9550000  12.2800000   0.0930000   8.8600000  15.2600000
   0.1900000   7.9760000  15.8900000  -1.1670000   8.7430000  14.4100000
  -1.7330000   8.0190000  14.9960000  -1.8670000   9.9770000  14.3800000
  -2.7210000   9.8060000  13.9760000  -0.1170000   9.5390000  16.4900000
  -0.4560000   8.6980000  17.8000000  -0.3850000   9.5820000  18.9900000
   0.4060000   7.4890000  17.8500000  -1.9680000   8.2590000  17.5300000
  -2.9640000   9.2880000  17.4000000  -2.7160000   9.9460000  16.5670000
  -3.0000000   9.8680000  18.3220000  -4.3340000   8.6550000  17.1500000
  -5.1010000   9.4270000  17.1000000  -4.3240000   8.0640000  15.8200000
  -5.0980000   6.8640000  15.8200000  -5.8340000   6.8970000  15.0170000
  -4.2150000   5.7380000  15.4400000  -2.8380000   5.6920000  15.3700000
  -2.2570000   6.5680000  15.6170000  -2.3600000   4.5330000  14.9900000
  -3.4990000   3.7520000  14.7900000  -3.6150000   2.4020000  14.3800000
  -2.7260000   1.5990000  14.0900000  -4.9600000   2.0040000  14.3100000
  -5.1520000   1.0610000  14.0380000  -6.0450000   2.8190000  14.6000000
  -7.2410000   2.2410000  14.4700000  -7.4290000   1.2930000  14.1760000
  -8.0450000   2.8190000  14.6680000  -5.9340000   4.0780000  14.9900000
  -4.6330000   4.4740000  15.0600000  -4.7080000   7.5060000  18.0700000
  -4.1490000   6.8140000  18.7000000  -5.7050000   6.7270000  17.2200000
  -5.7900000   5.8120000  17.8060000  -6.9610000   7.3870000  17.1900000
  -7.5870000   6.7810000  16.7860000  -5.2520000   7.9640000  19.3000000
  -5.0830000   7.0730000  20.6100000  -5.5010000   7.8560000  21.8000000
  -3.7050000   6.5210000  20.6600000  -6.1170000   5.8870000  20.3400000
  -7.5130000   6.2150000  20.2100000  -7.6600000   6.9030000  19.3770000
  -7.8570000   6.6830000  21.1320000  -8.3230000   4.9420000  19.9600000
  -9.3860000   5.1770000  19.9100000  -7.9950000   4.4500000  18.6300000
  -7.9980000   3.0220000  18.6300000  -8.6330000   2.6600000  17.8210000
  -6.6470000   2.5520000  18.2500000  -5.5740000   3.4020000  18.2400000
  -5.7090000   4.4370000  18.5160000  -4.3400000   2.9720000  17.8900000
  -3.5020000   3.6690000  17.8820000  -4.2120000   1.5830000  17.5300000
  -3.0370000   1.0990000  17.1700000  -2.9870000   0.1200000  16.9250000
  -2.2250000   1.6990000  17.1460000  -5.2660000   0.7590000  17.5400000
  -6.4970000   1.2160000  17.9000000  -7.4940000   0.4850000  17.9200000
  -8.0170000   3.7720000  20.8800000  -7.1740000   3.4910000  21.5110000
  -8.4350000   2.5790000  20.0300000  -8.0120000   1.7630000  20.6160000
  -9.8490000   2.4560000  20.0000000 -10.0480000   1.6080000  19.5960000
  -8.7220000   3.8650000  22.1100000  -8.0980000   3.2060000  23.4200000
  -8.8730000   3.6390000  24.6100000  -6.6400000   3.4860000  23.4700000
  -8.3280000   1.6490000  23.1500000  -9.6790000   1.1710000  23.0200000
 -10.1750000   1.6700000  22.1880000 -10.2200000   1.3800000  23.9430000
  -9.6740000  -0.3380000  22.7700000 -10.6960000  -0.7150000  22.7200000
  -9.1320000  -0.5750000  21.4400000  -8.3630000  -1.7780000  21.4400000
  -8.6710000  -2.4730000  20.6590000  -6.9720000  -1.4440000  21.0600000
  -6.5390000  -0.1370000  21.0500000  -7.2040000   0.6550000  21.3600000
  -5.2770000   0.1750000  20.7100000  -4.9570000   1.2170000  20.7090000
  -4.3370000  -0.8510000  20.3300000  -3.1720000  -0.6630000  19.9900000
  -4.8620000  -2.1340000  20.3600000  -4.1890000  -2.9470000  20.0860000
  -6.1470000  -2.4840000  20.7100000  -6.5060000  -3.6510000  20.7100000
  -8.7840000  -1.1560000  23.6900000  -7.9230000  -0.9370000  24.3210000
  -8.4910000  -2.3870000  22.8400000  -7.6940000  -2.8450000  23.4260000
  -9.6140000  -3.2540000  22.8100000  -9.3240000  -4.0750000  22.4060000
  -9.4280000  -1.4590000  24.9200000  -8.5470000  -1.6770000  26.2300000
  -9.4320000  -1.7310000  27.4200000  -7.4710000  -0.6540000  26.2800000
  -7.8990000  -3.1120000  25.9600000  -8.7780000  -4.2440000  25.8300000
  -9.4650000  -4.0920000  24.9970000  -9.3470000  -4.3610000  26.7530000
  -7.9580000  -5.5110000  25.5800000  -8.6140000  -6.3800000  25.5290000
  -7.3740000  -5.4170000  24.2500000  -6.0770000  -6.0140000  24.2500000
  -6.0070000  -6.7470000  23.4460000  -5.0870000  -4.9820000  23.8700000
  -5.2350000  -3.6110000  23.8000000  -6.1840000  -3.1590000  24.0480000
  -4.1550000  -2.9750000  23.4200000  -3.2210000  -3.9920000  23.2200000
  -1.8680000  -3.9170000  22.8100000  -1.1990000  -2.9240000  22.5200000
  -1.2850000  -5.1930000  22.7400000  -0.3240000  -5.2510000  22.4680000
  -1.9390000  -6.3820000  23.0300000  -1.1990000  -7.4850000  22.9000000
  -0.2340000  -7.5390000  22.6060000  -1.6580000  -8.3620000  23.0980000
  -3.2010000  -6.4490000  23.4200000  -3.7760000  -5.2170000  23.4900000
  -6.7670000  -5.7190000  26.5000000  -6.1600000  -5.0690000  27.1310000
  -5.8560000  -6.5960000  25.6500000  -4.9380000  -6.5510000  26.2360000
  -6.3320000  -7.9320000  25.6200000  -5.6440000  -8.4660000  25.2160000
  -7.1450000  -6.3210000  27.7300000  -6.2870000  -6.0290000  29.0400000
  -7.0020000  -6.5530000  30.2300000  -5.9340000  -4.5860000  29.0900000
  -4.9660000  -6.8860000  28.7700000  -5.0940000  -8.3130000  28.6400000
  -5.7550000  -8.5560000  27.8080000  -5.5090000  -8.7180000  29.5630000
  -3.7200000  -8.9370000  28.3900000  -3.8020000 -10.0230000  28.3390000
  -3.2790000  -8.5420000  27.0600000  -1.8650000  -8.3440000  27.0600000
  -1.4170000  -8.9220000  26.2510000  -1.5900000  -6.9400000  26.6800000
  -2.5830000  -5.9970000  26.6700000  -3.5890000  -6.2760000  26.9460000
  -2.3310000  -4.7160000  26.3200000  -3.1390000  -3.9850000  26.3110000
  -0.9740000  -4.3930000  25.9600000  -0.6610000  -3.1620000  25.6000000
   0.3010000  -2.9750000  25.3550000  -1.3700000  -2.4430000  25.5750000
  -0.0090000  -5.3200000  25.9700000  -0.2880000  -6.6040000  26.3300000
   0.5760000  -7.4880000  26.3500000  -2.6050000  -8.4680000  29.3100000
  -2.4450000  -7.5940000  29.9420000  -1.3650000  -8.7140000  28.4600000
  -0.6170000  -8.1800000  29.0470000  -1.0430000 -10.0960000  28.4300000
  -0.1750000 -10.1730000  28.0260000  -2.5980000  -9.1800000  30.5400000
  -2.0330000  -8.4690000  31.8500000  -2.3520000  -9.2970000  33.0400000
  -2.5160000  -7.0650000  31.9000000  -0.4590000  -8.4780000  31.5800000
   0.2040000  -9.7480000  31.4500000  -0.2210000 -10.3090000  30.6170000
   0.0740000 -10.3140000  32.3720000   1.6980000  -9.5300000  31.2000000
   2.2150000 -10.4880000  31.1500000   1.8560000  -8.9600000  29.8700000
   2.9380000  -8.0290000  29.8700000   3.6700000  -8.2360000  29.0890000
   2.4120000  -6.6990000  29.4900000   1.0570000  -6.4540000  29.4800000
   0.3660000  -7.2240000  29.7910000   0.5700000  -5.2490000  29.1400000
  -0.5070000  -5.0780000  29.1390000   1.4540000  -4.1740000  28.7600000
   1.1030000  -3.0470000  28.4200000   2.7980000  -4.5130000  28.7900000
   3.5080000  -3.7330000  28.5160000   3.3250000  -5.7360000  29.1400000
   4.5310000  -5.9260000  29.1400000   2.3830000  -8.5340000  32.1200000
   2.0440000  -7.7120000  32.7510000   3.5590000  -8.0700000  31.2700000
   3.9000000  -7.2170000  31.8560000   4.5760000  -9.0600000  31.2400000
   5.3480000  -8.6570000  30.8360000   2.7730000  -9.1280000  33.3500000
   2.8640000  -8.2260000  34.6600000   3.0430000  -9.0940000  35.8500000
   1.7000000  -7.3050000  34.7100000   4.1940000  -7.3820000  34.3900000
   5.4380000  -8.0930000  34.2600000   5.3840000  -8.7950000  33.4280000
   5.6340000  -8.6390000  35.1830000   6.5770000  -7.1030000  34.0100000
   7.5300000  -7.6300000  33.9590000   6.4020000  -6.5370000  32.6800000
   6.8100000  -5.1690000  32.6800000   7.5260000  -4.9960000  31.8770000
   5.6490000  -4.3340000  32.3000000   4.3130000  -4.6740000  32.2300000
   4.0000000  -5.6770000  32.4770000   3.5300000  -3.6940000  31.8500000
   4.4060000  -2.6270000  31.6500000   4.1410000  -1.2980000  31.2400000
   3.0630000  -0.7750000  30.9500000   5.3230000  -0.5410000  31.1700000
   5.2450000   0.4180000  30.8970000   6.5910000  -1.0200000  31.4600000
   7.5790000  -0.1320000  31.3300000   7.4960000   0.8310000  31.0360000
   8.5120000  -0.4630000  31.5280000   6.8360000  -2.2610000  31.8500000
   5.6970000  -3.0040000  31.9200000   6.6150000  -5.8940000  34.9300000
   5.8860000  -5.3850000  35.5610000   7.3550000  -4.8680000  34.0800000
   7.1820000  -3.9660000  34.6660000   8.7460000  -5.1520000  34.0500000
   9.1780000  -4.3960000  33.6460000   7.2650000  -6.1830000  36.1600000
   6.8540000  -5.3740000  37.4700000   7.4740000  -6.0090000  38.6600000
   5.3770000  -5.2290000  37.5200000   7.5170000  -3.9470000  37.2000000
   8.9480000  -3.8720000  37.0700000   9.2820000  -4.4920000  36.2380000
   9.4070000  -4.2260000  37.9930000   9.3720000  -2.4240000  36.8200000
  10.4580000  -2.3530000  36.7690000   8.9190000  -2.0430000  35.4900000
   8.5240000  -0.6710000  35.4900000   9.0330000  -0.1470000  34.6820000
   7.0950000  -0.5960000  35.1100000   6.3020000  -1.7120000  35.1000000
   6.7200000  -2.6690000  35.3760000   4.9970000  -1.6430000  34.7500000
   4.3860000  -2.5460000  34.7420000   4.4870000  -0.3450000  34.3900000
   3.2230000  -0.2080000  34.0300000   2.9020000   0.7180000  33.7850000
   2.6110000  -1.0110000  34.0060000   5.2680000   0.7400000  34.4000000
   6.5780000   0.6450000  34.7600000   7.3320000   1.6250000  34.7800000
   8.7510000  -1.3860000  37.7400000   7.8620000  -1.3520000  38.3700000
   8.8190000  -0.1230000  36.8900000   8.1850000   0.5430000  37.4760000
  10.1430000   0.3900000  36.8600000  10.0980000   1.2600000  36.4560000
   9.4540000  -1.2780000  38.9700000   8.6710000  -0.8200000  40.2800000
   9.5360000  -1.0190000  41.4700000   7.3490000  -1.4950000  40.3300000
   8.4580000   0.7400000  40.0100000   9.6220000   1.5760000  39.8800000
  10.2380000   1.2350000  39.0480000  10.2000000   1.5270000  40.8030000
   9.1960000   3.0230000  39.6300000  10.0720000   3.6700000  39.5790000
   8.6090000   3.0990000  38.3000000   7.5350000   4.0400000  38.3000000
   7.6370000   4.7930000  37.5190000   6.2920000   3.3320000  37.9200000
   6.2410000   1.9560000  37.9100000   7.1010000   1.3810000  38.2200000
   5.1160000   1.3040000  37.5700000   5.0990000   0.2140000  37.5700000
   3.9280000   2.0270000  37.1900000   2.8610000   1.5210000  36.8500000
   4.0740000   3.4060000  37.2200000   3.2010000   3.9990000  36.9460000
   5.2100000   4.1000000  37.5700000   5.2290000   5.3210000  37.5700000
   8.1130000   3.5610000  40.5500000   7.3470000   3.1090000  41.1800000
   7.4880000   4.6610000  39.7000000   6.5950000   4.8790000  40.2860000
   8.3250000   5.8070000  39.6700000   7.8180000   6.5150000  39.2660000
   8.6460000   4.0320000  41.7800000   7.7400000   3.9950000  43.0900000
   8.5750000   4.2940000  44.2800000   6.9920000   2.7120000  43.1400000
   6.7170000   5.1920000  42.8200000   7.2460000   6.5240000  42.6900000
   7.9480000   6.5690000  41.8570000   7.7590000   6.7950000  43.6120000
   6.1050000   7.5120000  42.4400000   6.4930000   8.5290000  42.3890000
   5.5700000   7.2590000  41.1100000   4.1580000   7.4710000  41.1100000
   3.8850000   8.1550000  40.3070000   3.4950000   6.2030000  40.7300000
   4.0200000   4.9290000  40.6600000   5.0580000   4.7600000  40.9070000
   3.1600000   4.0160000  40.2800000   1.9800000   4.7330000  40.0800000
   0.7010000   4.2830000  39.6700000   0.3360000   3.1420000  39.3800000
  -0.2150000   5.3460000  39.6000000  -1.1530000   5.1330000  39.3280000
   0.0810000   6.6700000  39.8900000  -0.9370000   7.5220000  39.7600000
  -1.8780000   7.3040000  39.4660000  -0.7410000   8.4930000  39.9580000
   1.2750000   7.0860000  40.2800000   2.1710000   6.0630000  40.3500000
   4.9030000   7.3800000  43.3600000   4.5030000   6.5860000  43.9900000
   3.7830000   7.9670000  42.5100000   2.9140000   7.6680000  43.0960000
   3.8680000   9.3840000  42.4800000   3.0590000   9.7050000  42.0760000
   5.0980000   8.0640000  44.5900000   4.3550000   7.5430000  45.9000000
   4.8960000   8.2460000  47.0900000   4.4190000   6.0600000  45.9500000
   2.8480000   7.9980000  45.6300000   2.5730000   9.4040000  45.5000000
   3.1400000   9.8220000  44.6680000   2.8590000   9.9090000  46.4230000
   1.0790000   9.6200000  45.2500000   0.8550000  10.6860000  45.1990000
   0.7660000   9.1180000  43.9200000  -0.5370000   8.5330000  43.9200000
  -1.1280000   8.9630000  43.1120000  -0.4100000   7.1080000  43.5400000
   0.8070000   6.4800000  43.5300000   1.6960000   7.0290000  43.8060000
   0.9220000   5.1780000  43.1800000   1.9020000   4.7000000  43.1730000
  -0.2900000   4.4910000  42.8200000  -0.2480000   3.2200000  42.4600000
  -1.1200000   2.7730000  42.2150000   0.6330000   2.7260000  42.4360000
  -1.4750000   5.1110000  42.8300000  -1.5660000   6.4220000  43.1900000
  -2.6420000   7.0300000  43.2100000   0.1390000   8.8590000  46.1700000
   0.2300000   7.9750000  46.8010000  -1.1210000   8.7490000  45.3200000
  -1.6900000   8.0280000  45.9060000  -1.8150000   9.9860000  45.2900000
  -2.6700000   9.8190000  44.8860000  -0.0670000   9.5400000  47.4000000
  -0.4100000   8.7000000  48.7100000  -0.3350000   9.5840000  49.9000000
   0.4450000   7.4870000  48.7600000  -1.9240000   8.2690000  48.4400000
  -2.9160000   9.3040000  48.3100000  -2.6650000   9.9610000  47.4780000
  -2.9490000   9.8830000  49.2330000  -4.2890000   8.6780000  48.0600000
  -5.0530000   9.4540000  48.0090000  -4.2820000   8.0860000  46.7300000
  -5.0620000   6.8910000  46.7300000  -5.8220000   6.8850000  45.9490000
  -4.1850000   5.7600000  46.3500000  -2.8160000   5.9030000  46.3400000
  -2.3680000   6.8350000  46.6510000  -2.0120000   4.8820000  46.0000000
  -0.9310000   5.0190000  45.9990000  -2.5600000   3.6030000  45.6200000
  -1.9090000   2.6180000  45.2800000  -3.9460000   3.5530000  45.6500000
  -4.4110000   2.6060000  45.3770000  -4.7930000   4.5810000  46.0000000
  -6.0050000   4.4270000  46.0000000  -4.6690000   7.5300000  48.9800000
  -4.1150000   6.8350000  49.6110000  -5.6690000   6.7570000  48.1300000
  -5.7580000   5.8430000  48.7170000  -6.9220000   7.4230000  48.1000000
  -7.5510000   6.8200000  47.6960000  -5.2100000   7.9920000  50.2100000
  -5.0460000   7.1000000  51.5200000  -5.4590000   7.8840000  52.7100000
  -3.6700000   6.5410000  51.5700000  -6.0870000   5.9190000  51.2500000
  -7.4800000   6.2540000  51.1200000  -7.6230000   6.9430000  50.2870000
  -7.8210000   6.7240000  52.0420000  -8.2970000   4.9860000  50.8700000
  -9.3590000   5.2270000  50.8200000  -7.9720000   4.4920000  49.5400000
  -7.9820000   3.0640000  49.5400000  -8.6210000   2.6980000  48.7370000
  -6.6340000   2.5860000  49.1600000  -5.4460000   3.2850000  49.0900000
  -5.4250000   4.3360000  49.3380000  -4.4210000   2.5630000  48.7100000
  -4.9640000   1.2930000  48.5100000  -4.3390000   0.0910000  48.1000000
  -3.1580000  -0.1100000  47.8100000  -5.2620000  -0.9660000  48.0300000
  -4.9190000  -1.8650000  47.7580000  -6.6140000  -0.8590000  48.3200000
  -7.3150000  -1.9870000  48.1900000  -6.9670000  -2.8880000  47.8960000
  -8.3040000  -1.9290000  48.3880000  -7.1950000   0.2640000  48.7100000
  -6.3080000   1.2950000  48.7800000  -7.9970000   3.8140000  51.7900000
  -7.1550000   3.5290000  52.4210000  -8.4210000   2.6230000  50.9400000
  -8.0020000   1.8050000  51.5260000  -9.8360000   2.5070000  50.9100000
 -10.0400000   1.6600000  50.5060000  -8.7020000   3.9110000  53.0200000
  -8.0810000   3.2490000  54.3300000  -8.8540000   3.6850000  55.5200000
  -6.6220000   3.5210000  54.3800000  -8.3200000   1.6930000  54.0600000
  -9.6730000   1.2220000  53.9300000 -10.1660000   1.7240000  53.0980000
 -10.2130000   1.4330000  54.8530000  -9.6760000  -0.2870000  53.6800000
 -10.6990000  -0.6590000  53.6300000  -9.1350000  -0.5270000  52.3500000
  -8.3720000  -1.7340000  52.3500000  -8.7150000  -2.3800000  51.5410000
  -6.9800000  -1.4070000  51.9700000  -6.5290000  -0.1140000  51.9600000
  -7.1980000   0.6880000  52.2360000  -5.2570000   0.1840000  51.6100000
  -4.9220000   1.2210000  51.6020000  -4.4050000  -0.9200000  51.2500000
  -3.1530000  -0.6990000  50.8900000  -2.5870000  -1.4990000  50.6450000
  -2.7890000   0.2430000  50.8660000  -4.8520000  -2.1810000  51.2600000
  -6.1370000  -2.4550000  51.6200000  -6.5870000  -3.6060000  51.6400000
  -8.7900000  -1.1100000  54.6000000  -7.9270000  -0.8950000  55.2310000
  -8.5030000  -2.3420000  53.7500000  -7.7090000  -2.8040000  54.3360000
  -9.6310000  -3.2040000  53.7200000  -9.3450000  -4.0270000  53.3160000
  -9.4350000  -1.4100000  55.8300000  -8.5560000  -1.6320000  57.1400000
  -9.4410000  -1.6820000  58.3300000  -7.4750000  -0.6150000  57.1900000
  -7.9150000  -3.0700000  56.8700000  -8.8000000  -4.1970000  56.7400000
  -9.4860000  -4.0410000  55.9080000  -9.3690000  -4.3110000  57.6630000
  -7.9870000  -5.4690000  56.4900000  -8.6470000  -6.3350000  56.4400000
  -7.4030000  -5.3780000  55.1600000  -6.1090000  -5.9820000  55.1600000
  -5.9970000  -6.7340000  54.3790000  -5.1130000  -4.9550000  54.7800000
  -5.4470000  -3.6190000  54.7700000  -6.4330000  -3.3060000  55.0810000
  -4.5490000  -2.6800000  54.4300000  -4.8360000  -1.6290000  54.4290000
  -3.2060000  -3.0430000  54.0500000  -2.3230000  -2.2590000  53.7100000
  -2.9620000  -4.4070000  54.0800000  -1.9590000  -4.7320000  53.8050000
  -3.8590000  -5.3910000  54.4300000  -3.5370000  -6.5680000  54.4300000
  -6.7970000  -5.6830000  57.4100000  -6.1870000  -5.0360000  58.0400000
  -5.8900000  -6.5650000  56.5600000  -4.9720000  -6.5250000  57.1460000
  -6.3740000  -7.8990000  56.5300000  -5.6890000  -8.4370000  56.1250000
  -7.1780000  -6.2840000  58.6400000  -6.3180000  -5.9960000  59.9500000
  -7.0360000  -6.5160000  61.1400000  -5.9580000  -4.5550000  60.0000000
  -5.0020000  -6.8600000  59.6800000  -5.1380000  -8.2860000  59.5500000
  -5.8000000  -8.5250000  58.7170000  -5.5550000  -8.6900000  60.4720000
  -3.7670000  -8.9170000  59.3000000  -3.8560000 -10.0020000  59.2490000
  -3.3240000  -8.5250000  57.9700000  -1.9090000  -8.3340000  57.9700000
  -1.4570000  -8.9150000  57.1660000  -1.6260000  -6.9320000  57.5900000
  -2.4850000  -5.8540000  57.5200000  -3.5290000  -5.9810000  57.7680000
  -1.9140000  -4.7380000  57.1400000  -0.5810000  -5.0970000  56.9400000
   0.5210000  -4.3090000  56.5300000   0.5540000  -3.1110000  56.2400000
   1.6980000  -5.0740000  56.4600000   2.5400000  -4.6080000  56.1880000
   1.7820000  -6.4270000  56.7500000   2.9980000  -6.9620000  56.6200000
   3.8410000  -6.4900000  56.3260000   3.0800000  -7.9490000  56.8180000
   0.7530000  -7.1610000  57.1400000  -0.3930000  -6.4280000  57.2100000
  -2.6500000  -8.4550000  60.2200000  -2.4870000  -7.5810000  60.8510000
  -1.4100000  -8.7070000  59.3700000  -0.6590000  -8.1770000  59.9560000
  -1.0960000 -10.0910000  59.3400000  -0.2290000 -10.1730000  58.9360000
  -2.6460000  -9.1660000  61.4500000  -2.0780000  -8.4590000  62.7600000
  -2.4010000  -9.2850000  63.9500000  -2.5530000  -7.0520000  62.8100000
  -0.5040000  -8.4750000  62.4900000   0.1530000  -9.7490000  62.3600000
  -0.2740000 -10.3080000  61.5280000   0.0200000 -10.3130000  63.2830000
   1.6480000  -9.5390000  62.1100000   2.1600000 -10.5000000  62.0590000
   1.8090000  -8.9690000  60.7800000   2.8960000  -8.0450000  60.7800000
   3.5840000  -8.2940000  59.9720000   2.3770000  -6.7120000  60.4000000
   1.0330000  -6.4480000  60.3900000   0.3330000  -7.2230000  60.6660000
   0.5590000  -5.2300000  60.0400000  -0.5150000  -5.0450000  60.0320000
   1.5320000  -4.2310000  59.6800000   1.1360000  -3.0230000  59.3200000
   1.8470000  -2.3490000  59.0750000   0.1520000  -2.7960000  59.2960000
   2.8430000  -4.4970000  59.6900000   3.2950000  -5.7300000  60.0500000
   4.4990000  -6.0130000  60.0700000   2.3380000  -8.5460000  63.0300000
   2.0020000  -7.7220000  63.6600000   3.5170000  -8.0880000  62.1800000
   3.8630000  -7.2360000  62.7660000   4.5290000  -9.0840000  62.1500000
   5.3030000  -8.6860000  61.7450000   2.7250000  -9.1420000  64.2600000
   2.8210000  -8.2400000  65.5700000   2.9950000  -9.1100000  66.7600000
   1.6620000  -7.3140000  65.6200000   4.1550000  -7.4040000  65.3000000
   5.3960000  -8.1210000  65.1700000   5.3380000  -8.8230000  64.3380000
   5.5890000  -8.6680000  66.0930000   6.5400000  -7.1370000  64.9200000
   7.4900000  -7.6690000  64.8700000   6.3680000  -6.5710000  63.5900000
   6.7830000  -5.2050000  63.5900000   7.5110000  -4.9880000  62.8090000
   5.6260000  -4.3640000  63.2100000   4.3510000  -4.8830000  63.2000000
   4.1800000  -5.9030000  63.5100000   3.2940000  -4.1260000  62.8600000
   2.2940000  -4.5590000  62.8590000   3.4640000  -2.7450000  62.4800000
   2.5640000  -1.9810000  62.1400000   4.7810000  -2.3110000  62.5100000
   4.9620000  -1.2720000  62.2360000   5.8810000  -3.0610000  62.8600000
   7.0010000  -2.5760000  62.8600000   6.5840000  -5.9280000  65.8400000
   5.8590000  -5.4150000  66.4710000   7.3290000  -4.9070000  64.9900000
   7.1590000  -4.0040000  65.5760000   8.7180000  -5.1970000  64.9600000
   9.1540000  -4.4430000  64.5560000   7.2330000  -6.2210000  67.0700000
   6.8260000  -5.4100000  68.3800000   7.4420000  -6.0480000  69.5700000
   5.3490000  -5.2570000  68.4300000   7.4960000  -3.9860000  68.1100000
   8.9280000  -3.9190000  67.9800000   9.2580000  -4.5400000  67.1480000
   9.3860000  -4.2750000  68.9030000   9.3590000  -2.4730000  67.7300000
  10.4460000  -2.4080000  67.6790000   8.9080000  -2.0890000  66.4000000
   8.5200000  -0.7150000  66.4000000   9.0320000  -0.1850000  65.5960000
   7.0920000  -0.6330000  66.0200000   6.1460000  -1.6350000  65.9500000
   6.4200000  -2.6500000  66.1980000   4.9600000  -1.2280000  65.5700000
   5.1280000   0.1430000  65.3700000   4.1920000   1.1230000  64.9600000
   3.0020000   0.9870000  64.6700000   4.7840000   2.3960000  64.8900000
   4.2040000   3.1640000  64.6180000   6.1120000   2.6700000  65.1800000
   6.4700000   3.9490000  65.0500000   5.8840000   4.7170000  64.7560000
   7.4360000   4.1700000  65.2480000   6.9830000   1.7540000  65.5700000
   6.4190000   0.5160000  65.6400000   8.7440000  -1.4320000  68.6500000
   7.8550000  -1.3940000  69.2800000   8.8180000  -0.1690000  67.8000000
   8.1880000   0.5000000  68.3860000  10.1440000   0.3370000  67.7700000
  10.1030000   1.2070000  67.3660000   9.4470000  -1.3280000  69.8800000
   8.6670000  -0.8650000  71.1900000   9.5300000  -1.0690000  72.3800000
   7.3420000  -1.5340000  71.2400000   8.4610000   0.6960000  70.9200000
   9.6300000   1.5250000  70.7900000  10.2430000   1.1810000  69.9570000
  10.2090000   1.4730000  71.7120000   9.2110000   2.9750000  70.5400000
  10.0900000   3.6170000  70.4890000   8.6250000   3.0540000  69.2100000
   7.5560000   4.0010000  69.2100000   7.7050000   4.7170000  68.4020000
   6.3100000   3.2990000  68.8300000   6.2380000   1.9310000  68.8200000
   7.1040000   1.3470000  69.0960000   5.0990000   1.2900000  68.4700000
   5.0670000   0.2010000  68.4620000   3.9730000   2.1130000  68.1100000
   2.8330000   1.5510000  67.7500000   2.0660000   2.1610000  67.5050000
   2.7470000   0.5450000  67.7260000   4.0510000   3.4480000  68.1200000
   5.2090000   4.0700000  68.4800000   5.3200000   5.3010000  68.5000000
   8.1310000   3.5190000  71.4600000   7.3630000   3.0720000  72.0910000
   7.5120000   4.6220000  70.6100000   6.6200000   4.8450000  71.1960000
   8.3550000   5.7640000  70.5800000   7.8510000   6.4740000  70.1760000
   8.6670000   3.9860000  72.6900000   7.7610000   3.9540000  74.0000000
   8.5970000   4.2490000  75.1900000   7.0070000   2.6760000  74.0500000
   6.7450000   5.1570000  73.7300000   7.2800000   6.4860000  73.6000000
   7.9820000   6.5270000  72.7670000   7.7950000   6.7550000  74.5220000
   6.1440000   7.4800000  73.3500000   6.5370000   8.4950000  73.3000000
   5.6080000   7.2300000  72.0200000   4.1970000   7.4490000  72.0200000
   3.8790000   8.1390000  71.2380000   3.5280000   6.1850000  71.6400000
   4.2210000   4.9950000  71.6300000   5.2550000   4.9700000  71.9410000
   3.6210000   3.8430000  71.2900000   4.1910000   2.9140000  71.2890000
   2.2300000   3.8160000  70.9100000   1.6000000   2.8170000  70.5700000
   1.6140000   5.0590000  70.9400000   0.5590000   5.0920000  70.6660000
   2.2020000   6.2540000  71.2900000   1.5640000   7.2940000  71.2900000
   4.9420000   7.3540000  74.2700000   4.5380000   6.5620000  74.9000000
   3.8250000   7.9470000  73.4200000   2.9550000   7.6520000  74.0060000
   3.9170000   9.3640000  73.3900000   3.1090000   9.6890000  72.9860000
   5.1400000   8.0370000  75.5000000   4.3940000   7.5200000  76.8100000
   4.9390000   8.2200000  78.0000000   4.4510000   6.0370000  76.8600000
   2.8900000   7.9830000  76.5400000   2.6220000   9.3910000  76.4100000
   3.1910000   9.8050000  75.5770000   2.9100000   9.8950000  77.3330000
   1.1290000   9.6140000  76.1600000   0.9110000  10.6810000  76.1100000
   0.8130000   9.1140000  74.8300000  -0.4920000   8.5360000  74.8300000
  -1.0890000   8.9680000  74.0270000  -0.3730000   7.1100000  74.4500000
   0.7530000   6.3150000  74.3800000   1.7200000   6.7280000  74.6270000
   0.5160000   5.0840000  74.0000000  -0.8640000   5.0570000  73.8000000
  -1.7030000   3.9920000  73.3900000  -1.4000000   2.8330000  73.1000000
  -3.0460000   4.3980000  73.3200000  -3.7250000   3.7160000  73.0480000
  -3.5050000   5.6750000  73.6100000  -4.8210000   5.8490000  73.4800000
  -5.4990000   5.1600000  73.1860000  -5.1750000   6.7740000  73.6780000
  -2.7200000   6.6660000  74.0000000  -1.4160000   6.2820000  74.0700000
   0.1860000   8.8580000  77.0800000   0.2730000   7.9730000  77.7100000
  -1.0750000   8.7540000  76.2300000  -1.6480000   8.0360000  76.8160000
  -1.7630000   9.9960000  76.2000000  -2.6180000   9.8330000  75.7960000
  -0.0170000   9.5400000  78.3100000  -0.6070000   9.0990000  78.9250000
